	variable	Sequences	totalscores
1	b3171	tcactgaatttttatgca	14.5432828370444
2	16128258	aaagtgaattttaattca	14.3919852261995
3	16132076	aaattgaattttaattca	13.8041985612974
4	16131126	cagatgaatttttatgca	13.234430401898
5	16131238	ttagtgattttttatgca	13.0898491730869
6	16129301	tgaatgaataatcatgca	12.7010511174639
7	16128684	ctaatgtatatttatgca	12.5367480661726
8	16130583	atattgcatttttattca	12.3967019925269
9	16131795	ttagtgtatttttattca	12.3967019925269
10	16128026	attgtgaattaatatgca	11.908349224613
11	16129126	tcactgaattttgatgca	11.9042255074291
12	49176132	ttagagaatatacatgca	11.8072332414418
13	16132077	tcaatgaattaaaattca	11.6547646477975
14	16128462	aaattcaataattattca	11.5306010051766
15	16131312	caaatgcatttttttgca	11.3626282249964
16	b4451	caaatgcatttttttgca	11.3626282249964
17	16128105	aaaacgaatttaaattca	11.3009427728412
18	16131247	tcaatgaatattaattaa	11.0916132050298
19	16131884	atactgtatattcattca	11.0450931893949
20	16131392	gcagtcaatatttattca	11.0450931893949
21	16128650	atattgaattttcatgct	10.9768849393684
22	16129601	ttaaagaatatttattaa	10.9580818124053
23	90111311	ttaaagaatatttattaa	10.9580818124053
24	90111175	aaaaggaataaaaatgca	10.8656247015834
25	16132166	ttactgaataaaaaagca	10.8139814684315
26	90111703	taaatgaatttaaatgga	10.7776946290767
27	16128795	tatcagaatttttatgaa	10.5106318438276
28	16128628	ttaatgaatatttaagga	10.5038265401277
29	16128106	taattgaattaaaaatca	10.4820443869757
30	90111372	tctgtgaatgtttattca	10.4797793803449
